407.6,413.6,407.6,425.6,598.0,411.2,600.4,397.6,WERETHEREISAMLLTHEREISAWAY
436.4,428.0,435.6,440.0,575.6,428.0,574.0,416.8,BDSINESSBEFDREFPLAURE
423.6,450.4,423.6,493.6,500.4,493.6,500.4,450.4,Best
518.8,448.0,518.8,495.2,616.4,495.2,616.4,448.0,skace
466.0,516.8,465.2,528.8,560.4,518.4,559.6,506.4,CAREKILEDACAT
422.8,540.0,422.8,550.4,610.0,530.4,606.8,521.6,BROSOFAEEATHERLOCKOGJHEN
582.8,678.4,582.8,713.6,746.8,713.6,746.8,678.4,超值热卖
124.4,608.0,122.0,616.8,222.0,638.4,226.8,627.2,###
129.2,594.4,128.4,600.8,189.2,612.8,193.2,603.2,###
187.6,552.8,170.0,575.2,242.0,595.2,254.8,574.4,skace
159.6,520.8,157.2,530.4,230.8,542.4,236.4,532.0,BEFDREFPLAURE
152.4,507.2,149.2,515.2,255.6,532.8,259.6,522.4,EREISAMLLTHEREISAWAY
138.0,517.6,138.0,526.4,155.6,530.4,158.0,519.2,###
6.8,192.8,54.8,237.6,246.8,43.2,200.4,1.6,特价包邮
134.29,552.0,132.0,572.57,165.14,569.14,165.14,540.57,###
